[61,
 12,
 9,
 1,
 17,
 14,
 35,
 5,
 15,
 21,
 1,
 22,
 26,
 18,
 42,
 48,
 69,
 2,
 37,
 6,
 9,
 23,
 1,
 14,
 34,
 30,
 15,
 10,
 9,
 34,
 1,
 3,
 29,
 19,
 27,
 41,
 1,
 3,
 40,
 20,
 34,
 38,
 11,
 16,
 8,
 10,
 17,
 4,
 18,
 2,
 42,
 5,
 20,
 2,
 26,
 19,
 11,
 35,
 1,
 33,
 32,
 9,
 27,
 21,
 22,
 51,
 4,
 24,
 15,
 1,
 61,
 9,
 7,
 16,
 3,
 3,
 5,
 35,
 17,
 13,
 38,
 49,
 18,
 5,
 4,
 3,
 3,
 13,
 10,
 11,
 2,
 19,
 22,
 30,
 18,
 1,
 6,
 1,
 13,
 8,
 13,
 1,
 17,
 17,
 5,
 19,
 24,
 4,
 20,
 6,
 21,
 7,
 18,
 24,
 4,
 1,
 46,
 42,
 39,
 18,
 3,
 24,
 14,
 1,
 30,
 15,
 25,
 41,
 8,
 53,
 41,
 3,
 14,
 4,
 21,
 29,
 14,
 37,
 13,
 4,
 13,
 11,
 11,
 10,
 6,
 40,
 22,
 35,
 11,
 4,
 7,
 1,
 13,
 3,
 44,
 14,
 15,
 3,
 1,
 31,
 109,
 5,
 25,
 32,
 2,
 58,
 8,
 16,
 2,
 4,
 13,
 39,
 1,
 57,
 11,
 25,
 5,
 23,
 17,
 6,
 10,
 5,
 8,
 38,
 41,
 7,
 16,
 2,
 1,
 3,
 6,
 7,
 25,
 20,
 14,
 10,
 6,
 1,
 2,
 28,
 3,
 34,
 1,
 18,
 14,
 48,
 4,
 30,
 3,
 10,
 1,
 8,
 3,
 3,
 2,
 4,
 42,
 2,
 25,
 5,
 16,
 31,
 15,
 6,
 10,
 12,
 29,
 1,
 1,
 9,
 11,
 1,
 8,
 30,
 28,
 5,
 5,
 19,
 3,
 19,
 9,
 8,
 20,
 5,
 2,
 54,
 1,
 1,
 22,
 49,
 5,
 9,
 17,
 20,
 6,
 2,
 1,
 25,
 9,
 24,
 2,
 10,
 24,
 4,
 5,
 16,
 20,
 9,
 2,
 1,
 14,
 38,
 1,
 11,
 1,
 40,
 6,
 11,
 21,
 13,
 14,
 10,
 5,
 6,
 3,
 8,
 2,
 38,
 43,
 9,
 13,
 23,
 5,
 20,
 7,
 34,
 7,
 32,
 22,
 6,
 20,
 41,
 20,
 1,
 10,
 19,
 1,
 4,
 30,
 12,
 15,
 6,
 27,
 25,
 14,
 69,
 7,
 5,
 1,
 32,
 10,
 50,
 15,
 122,
 3,
 18,
 31,
 14,
 22,
 5,
 14,
 89,
 26,
 18,
 24,
 8,
 5,
 22,
 10,
 31,
 19,
 28,
 9,
 4,
 1,
 6,
 5,
 8,
 7,
 27,
 59,
 16,
 25,
 2,
 35,
 10,
 3,
 27,
 3,
 53,
 8,
 27,
 24,
 17,
 11,
 34,
 15,
 10,
 7,
 5,
 12,
 1,
 19,
 14,
 16,
 17,
 16,
 30,
 19,
 37,
 9,
 29,
 16,
 20,
 2,
 17,
 22,
 8,
 1,
 11,
 41,
 8,
 24,
 43,
 21,
 11,
 31,
 4,
 7,
 11,
 4,
 6,
 47,
 16,
 41,
 71,
 21,
 24,
 4,
 3,
 3,
 44,
 1,
 20,
 28,
 29,
 10,
 10,
 45,
 22,
 1,
 64,
 5,
 27,
 3,
 3,
 22,
 6,
 15,
 1,
 5,
 19,
 17,
 78,
 20,
 9,
 13,
 16,
 4,
 18,
 5,
 6,
 81,
 5,
 51,
 3,
 5,
 43,
 35,
 4,
 9,
 6,
 2,
 23,
 71,
 11,
 43,
 30,
 32,
 5,
 24,
 22,
 4,
 21,
 11,
 16,
 18,
 5,
 35,
 6,
 3,
 1,
 14,
 14,
 14,
 3,
 20,
 21,
 2,
 5,
 55,
 7,
 73,
 24,
 4,
 19,
 7,
 35,
 3,
 21,
 10,
 12,
 29,
 12,
 4,
 6,
 26,
 25,
 1,
 18,
 31,
 15,
 32,
 39,
 2,
 38,
 19,
 2,
 10,
 19,
 37,
 6,
 36,
 32,
 12,
 26,
 1,
 20,
 25,
 103,
 4,
 23,
 1,
 5,
 5,
 26,
 14,
 3,
 4,
 19,
 25,
 5,
 9,
 2,
 15,
 16,
 1,
 8,
 22,
 17,
 1,
 5,
 2,
 1,
 16,
 17,
 24,
 6,
 44,
 28,
 2,
 14,
 19,
 4,
 1,
 44,
 9,
 8,
 17,
 34,
 6,
 27,
 15,
 5,
 16,
 11,
 19,
 22,
 14,
 38,
 39,
 28,
 10,
 87,
 20,
 12,
 10,
 20,
 13,
 3,
 2,
 3,
 16,
 27,
 5,
 24,
 38,
 1,
 8,
 38,
 3,
 1,
 9,
 10,
 28,
 16,
 18,
 2,
 11,
 2,
 6,
 3,
 10,
 7,
 3,
 8,
 1,
 46,
 1,
 46,
 3,
 13,
 25,
 29,
 11,
 21,
 3,
 5,
 4,
 8,
 11,
 11,
 7,
 21,
 15,
 17,
 1,
 16,
 1,
 5,
 11,
 8,
 46,
 25,
 3,
 15,
 30,
 21,
 20,
 2,
 9,
 28,
 35,
 11,
 16,
 1,
 14,
 26,
 4,
 5,
 18,
 3,
 37,
 6,
 17,
 5,
 10,
 17,
 26,
 24,
 11,
 43,
 13,
 37,
 16,
 3,
 8,
 1,
 1,
 8,
 40,
 18,
 12,
 9,
 20,
 18,
 22,
 16,
 40,
 3,
 38,
 11,
 7,
 1,
 13,
 9,
 11,
 26,
 18,
 7,
 22,
 1,
 26,
 22,
 8,
 24,
 10,
 5,
 30,
 5,
 15,
 13,
 14,
 1,
 13,
 15,
 2,
 2,
 35,
 34,
 34,
 20,
 27,
 4,
 15,
 24,
 8,
 6,
 7,
 14,
 1,
 15,
 1,
 21,
 17,
 33,
 36,
 32,
 17,
 61,
 15,
 31,
 28,
 2,
 10,
 17,
 4,
 17,
 18,
 9,
 1,
 8,
 1,
 47,
 7,
 16,
 7,
 5,
 1,
 16,
 6,
 5,
 48,
 17,
 3,
 14,
 11,
 36,
 2,
 18,
 60,
 1,
 2,
 35,
 21,
 1,
 23,
 1,
 16,
 20,
 32,
 5,
 17,
 7,
 13,
 19,
 24,
 5,
 19,
 63,
 3,
 21,
 39,
 16,
 5,
 18,
 4,
 12,
 11,
 5,
 2,
 14,
 4,
 1,
 33,
 2,
 12,
 6,
 10,
 32,
 15,
 8,
 5,
 18,
 2,
 15,
 16,
 39,
 39,
 23,
 20,
 10,
 74,
 5,
 11,
 1,
 12,
 13,
 15,
 10,
 19,
 5,
 18,
 3,
 11,
 22,
 35,
 13,
 29,
 44,
 9,
 8,
 27,
 17,
 25,
 3,
 50]